intrinsic:
910.9094069450981 0.0 332.7727333776799 
0.0 910.5603406130523 619.0798308960979 
0.0 0.0 1.0 
distortion:
-0.35650085613308213 0.15797500060185232 5.481874645258455e-05 -0.0018371249014089896 -0.044481758608048885 
