intrinsic:
898.3346215154088 0.0 340.2721819853888 
0.0 898.1237909829308 671.8855665969087 
0.0 0.0 1.0 
distortion:
-0.3515080378928914 0.1384798471062375 0.00019573510166350308 0.0009257532860999716 -0.03016229279176024 
