intrinsic:
912.8658242343989 0.0 331.74463879829017 
0.0 912.3004482994678 618.8318033526601 
0.0 0.0 1.0 
distortion:
-0.3583185476313408 0.1652272378216768 -6.687808336748191e-05 -0.002014324977711934 -0.052315172349512905 
