intrinsic:
900.9252232868391 0.0 341.403415843535 
0.0 900.9226261051194 669.8326316753253 
0.0 0.0 1.0 
distortion:
-0.35761862401092737 0.15493838224554013 0.0006875124917968232 0.0012887577245485474 -0.04377959177671247 
